168.0
112.0
122.0
124.0
130.0
132.0
134.0
135.09999999999997
136.0
140.0
141.39999999999995
142.0
144.0
145.39999999999998
146.0
146.29999999999998
148.0
148.29999999999998
148.3
148.79999999999998
153.39999999999998
154.0
154.29999999999998
156.0
156.29999999999998
158.0
158.29999999999998
158.4
160.0
160.29999999999998
162.0
162.29999999999998
162.4
162.79999999999998
163.79999999999993
164.29999999999998
166.39999999999998
166.99999999999997
168.29999999999998
168.79999999999998
169.29999999999995
172.09999999999994
172.29999999999998
172.79999999999998
173.79999999999993
173.79999999999995
175.1
175.39999999999995
178.09999999999994
179.1
179.39999999999995
179.79999999999993
180.09999999999994
180.99999999999997
182.39999999999998
182.79999999999998
183.79999999999993
184.0999999999999
184.99999999999997
185.39999999999995
185.79999999999995
187.29999999999995
190.99999999999997
192.39999999999998
193.39999999999995
194.79999999999998
195.09999999999997
196.79999999999995
199.09999999999997
199.59999999999994
200.79999999999998
201.69999999999993
201.79999999999993
202.39999999999998
202.79999999999995
202.99999999999997
203.79999999999993
204.0999999999999
204.3999999999999
204.79999999999995
204.8999999999999
205.39999999999992
205.69999999999993
206.0999999999999
206.3999999999999
207.09999999999997
207.39999999999995
210.7
211.59999999999997
212.0999999999999
214.39999999999998
216.7
217.29999999999995
217.79999999999993
218.0999999999999
219.49999999999997
219.69999999999993
221.59999999999994
222.0999999999999
222.49999999999991
223.49999999999994
223.59999999999997
224.79999999999995
225.49999999999994
225.49999999999997
225.69999999999993
225.69999999999996
226.79999999999995
227.29999999999995
227.59999999999994
227.69999999999993
227.89999999999992
229.79999999999995
230.49999999999997
231.79999999999993
231.89999999999992
233.49999999999997
233.59999999999994
233.69999999999993
233.89999999999995
235.29999999999995
235.49999999999994
235.49999999999997
235.69999999999993
236.1999999999999
236.49999999999997
238.0999999999999
238.1999999999999
239.59999999999994
239.89999999999995
240.1999999999999
240.7
243.49999999999994
243.59999999999997
243.79999999999993
243.89999999999992
243.99999999999991
244.0999999999999
244.49999999999991
245.29999999999995
245.89999999999992
246.2999999999999
246.39999999999992
246.8999999999999
247.79999999999993
248.0999999999999
248.3999999999999
249.29999999999995
249.39999999999995
249.49999999999994
249.59999999999994
249.79999999999993
250.8999999999999
251.29999999999998
251.69999999999993
251.79999999999993
251.99999999999991
252.0999999999999
252.69999999999996
253.29999999999995
253.49999999999997
253.79999999999993
253.89999999999992
254.19999999999993
255.29999999999995
255.29999999999998
255.59999999999994
255.69999999999993
255.89999999999992
256.19999999999993
256.29999999999995
256.89999999999986
258.7
259.8999999999999
260.29999999999995
261.5999999999999
261.5
262.2999999999999
264.2999999999999
266.2999999999999
267.59999999999997
267.9
268.29999999999995
269.59999999999997
269.8999999999999
271.99999999999994
271.9
272.09999999999997
272.19999999999993
273.0
273.99999999999994
273.9
274.29999999999995
275.0
275.49999999999994
275.59999999999997
275.9
277.3
277.4
277.59999999999997
277.6
277.9
279.3
279.79999999999995
280.09999999999997
281.0
281.4
281.99999999999994
281.9
282.09999999999997
285.59999999999997
285.99999999999994
285.9
286.09999999999997
286.29999999999995
286.79999999999995
287.4
287.9
288.1
291.6
292.09999999999997
292.2
293.9
296.0
297.8
297.9
298.09999999999997
300.2
301.59999999999997
301.6
301.90000000000003
302.2
303.6
304.0
304.40000000000003
305.59999999999997
305.5
305.6
305.79999999999995
307.79999999999995
307.9
308.29999999999995
309.59999999999997
312.29999999999995
312.8
313.6
314.29999999999995
314.2
315.6
315.70000000000005
316.00000000000006
316.20000000000005
317.90000000000003
317.9
318.00000000000006
319.20000000000005
319.70000000000005
322.20000000000005
322.40000000000003
322.4
323.0
323.50000000000006
325.6
325.70000000000005
326.00000000000006
326.20000000000005
328.0
330.00000000000006
330.1
330.4
332.4
333.20000000000005
334.80000000000007
336.4
337.70000000000005
340.20000000000005
341.9000000000001
342.20000000000005
343.00000000000006
345.9000000000001
349.9000000000001
350.1000000000001
352.2000000000001
352.90000000000003
357.9000000000001
358.1000000000001
365.5000000000001
369.5000000000001
372.4
374.40000000000003
377.50000000000017
381.50000000000017
383.50000000000017
384.40000000000003
389.50000000000017
390.40000000000003
396.40000000000003
397.50000000000017
415.50000000000017
417.5000000000002
