1004.200000
1006.700000
1014.700000
1015.300000
1021.500000
1026.800000
1033.000000
1048.900000
1066.200000
1097.000000
1113.900000
1131.900000
1161.000000
617.600000
675.600000
1045.400000
1056.700000
1075.000000
1113.000000
1129.000000
1158.700000
1190.700000
641.600000
750.000000
611.600000
659.100000
657.600000
760.800000
1164.700000
632.500000
676.900000
1225.800000
649.600000
756.200000
1025.000000
1027.800000
1034.200000
1055.800000
1074.000000
1104.600000
1121.000000
1137.900000
1168.700000
633.100000
685.600000
1018.900000
1025.000000
1032.900000
1047.300000
1093.600000
1159.400000
688.800000
695.900000
697.600000
698.000000
700.400000
709.900000
710.400000
718.800000
731.600000
736.400000
759.100000
761.600000
768.700000
773.500000
773.600000
779.000000
779.200000
785.600000
790.800000
802.000000
805.500000
806.900000
810.000000
816.800000
822.100000
826.200000
829.100000
829.200000
829.600000
835.000000
836.900000
837.600000
841.200000
846.000000
846.400000
846.800000
850.300000
850.500000
852.500000
856.600000
857.600000
865.400000
870.600000
871.500000
871.900000
872.500000
873.400000
874.400000
875.900000
877.200000
879.500000
882.400000
883.100000
884.500000
890.900000
894.400000
894.700000
896.400000
900.400000
902.000000
910.900000
912.900000
915.500000
917.100000
917.400000
920.400000
922.000000
924.600000
925.200000
927.800000
929.100000
929.500000
929.500000
930.400000
931.500000
935.300000
936.000000
938.000000
941.300000
942.600000
947.300000
949.400000
951.500000
952.100000
952.400000
954.000000
961.900000
964.100000
964.600000
967.000000
969.500000
970.700000
971.500000
972.100000
972.800000
974.400000
974.900000
976.600000
980.500000
980.800000
985.300000
985.500000
992.800000
996.500000
168.000000
112.000000
122.000000
124.000000
130.000000
132.000000
134.000000
135.100000
136.000000
140.000000
141.400000
142.000000
144.000000
145.400000
146.000000
146.300000
148.000000
148.300000
148.300000
148.800000
153.400000
154.000000
154.300000
156.000000
156.300000
158.000000
158.300000
158.400000
160.000000
160.300000
162.000000
162.300000
162.400000
162.800000
163.800000
164.300000
166.400000
167.000000
168.300000
168.800000
169.300000
172.100000
172.300000
172.800000
173.800000
173.800000
175.100000
175.400000
178.100000
179.100000
179.400000
179.800000
180.100000
181.000000
182.400000
182.800000
183.800000
184.100000
185.000000
185.400000
185.800000
187.300000
191.000000
192.400000
193.400000
194.800000
195.100000
196.800000
199.100000
199.600000
200.800000
201.700000
201.800000
202.400000
202.800000
203.000000
203.800000
204.100000
204.400000
204.800000
204.900000
205.400000
205.700000
206.100000
206.400000
207.100000
207.400000
210.700000
211.600000
212.100000
214.400000
216.700000
217.300000
217.800000
218.100000
219.500000
219.700000
221.600000
222.100000
222.500000
223.500000
223.600000
224.800000
225.500000
225.500000
225.700000
225.700000
226.800000
227.300000
227.600000
227.700000
227.900000
229.800000
230.500000
231.800000
231.900000
233.500000
233.600000
233.700000
233.900000
235.300000
235.500000
235.500000
235.700000
236.200000
236.500000
238.100000
238.200000
239.600000
239.900000
240.200000
240.700000
243.500000
243.600000
243.800000
243.900000
244.000000
244.100000
244.500000
245.300000
245.900000
246.300000
246.400000
246.900000
247.800000
248.100000
248.400000
249.300000
249.400000
249.500000
249.600000
249.800000
250.900000
251.300000
251.700000
251.800000
252.000000
252.100000
252.700000
253.300000
253.500000
253.800000
253.900000
254.200000
255.300000
255.300000
255.600000
255.700000
255.900000
256.200000
256.300000
256.900000
258.700000
259.900000
260.300000
261.600000
261.500000
262.300000
264.300000
266.300000
267.600000
267.900000
268.300000
269.600000
269.900000
272.000000
271.900000
272.100000
272.200000
273.000000
274.000000
273.900000
274.300000
275.000000
275.500000
275.600000
275.900000
277.300000
277.400000
277.600000
277.600000
277.900000
279.300000
279.800000
280.100000
281.000000
281.400000
282.000000
281.900000
282.100000
285.600000
286.000000
285.900000
286.100000
286.300000
286.800000
287.400000
287.900000
288.100000
291.600000
292.100000
292.200000
293.900000
296.000000
297.800000
297.900000
298.100000
300.200000
301.600000
301.600000
301.900000
302.200000
303.600000
304.000000
304.400000
305.600000
305.500000
305.600000
305.800000
307.800000
307.900000
308.300000
309.600000
312.300000
312.800000
313.600000
314.300000
314.200000
315.600000
315.700000
316.000000
316.200000
317.900000
317.900000
318.000000
319.200000
319.700000
322.200000
322.400000
322.400000
323.000000
323.500000
325.600000
325.700000
326.000000
326.200000
328.000000
330.000000
330.100000
330.400000
332.400000
333.200000
334.800000
336.400000
337.700000
340.200000
341.900000
342.200000
343.000000
345.900000
349.900000
350.100000
352.200000
352.900000
357.900000
358.100000
365.500000
369.500000
372.400000
374.400000
377.500000
381.500000
383.500000
384.400000
389.500000
390.400000
396.400000
397.500000
415.500000
417.500000
54.300000
59.400000
48.000000
50.200000
52.300000
102.400000
104.500000
39.000000
43.000000
46.000000
46.200000
49.000000
51.500000
58.500000
51.200000
53.100000
61.000000
53.300000
54.100000
61.200000
52.100000
59.500000
60.100000
60.200000
60.500000
102.600000
128.800000
47.200000
52.200000
53.200000
54.200000
57.300000
58.300000
59.300000
60.400000
61.300000
63.300000
71.300000
73.400000
75.300000
79.400000
82.400000
83.500000
85.300000
89.500000
91.500000
93.500000
59.100000
101.400000
104.400000
41.000000
44.100000
49.200000
54.500000
55.100000
55.200000
55.300000
55.400000
56.100000
56.200000
56.300000
56.500000
57.200000
57.400000
57.400000
57.500000
58.000000
58.100000
58.200000
58.400000
61.400000
60.300000
61.400000
62.100000
62.200000
62.300000
62.400000
62.400000
63.100000
63.200000
63.400000
63.500000
63.500000
64.100000
64.200000
64.300000
64.400000
65.100000
65.200000
65.300000
65.300000
65.400000
65.500000
66.200000
66.300000
66.400000
67.200000
67.300000
67.400000
67.500000
68.200000
68.300000
68.400000
69.300000
69.300000
69.400000
70.200000
70.400000
70.500000
71.200000
71.400000
72.300000
72.300000
72.400000
72.500000
73.300000
73.400000
73.500000
74.200000
74.300000
74.400000
74.500000
75.400000
75.500000
75.600000
76.300000
76.400000
76.500000
77.200000
77.300000
77.300000
77.400000
77.500000
78.200000
78.400000
78.400000
78.500000
79.300000
79.400000
79.500000
79.600000
80.400000
80.300000
80.400000
80.500000
81.400000
81.400000
81.500000
82.300000
82.300000
83.400000
83.400000
84.400000
84.400000
85.200000
85.400000
85.500000
86.400000
87.400000
88.400000
88.500000
89.500000
90.400000
90.500000
91.400000
92.300000
92.400000
92.500000
94.500000
95.500000
95.600000
96.500000
96.600000
97.400000
97.500000
99.500000
22.000000
